doc_id,dominant_topic,topic_1,topic_2,topic_3,topic_4,topic_5,topic_6,topic_7,topic_8
1,1,0.3299590468997854,0.29670297911781784,0.009812453505012895,0.011779002812066978,0.045168131025860994,0.006832635371399663,2.839236002640878e-4,0.2994618276677921
2,8,0.0015648461173912581,0.24730876132684726,0.001504513486154223,5.353458835626208e-4,0.06339289745401773,0.0016948312550344932,2.748457810734796e-4,0.6837239586959188
3,5,4.5899003139787957e-4,6.666308021448613e-4,4.749779373951172e-4,0.0016964970575709913,0.9918618146565858,0.003357001310714006,0.0013105010798281336,1.7358712436311172e-4
4,4,0.11210544610804583,7.526124719596364e-6,0.003594357904420921,0.8815833016456627,0.0017661694535654041,7.511835081791907e-4,1.604433823297307e-5,1.7597091717313885e-4
5,4,0.41037756384857915,3.838695754100196e-5,0.04171460129687919,0.5463053183941161,5.195720665346712e-4,6.003232525126228e-4,5.018112331105068e-6,4.392160715059706e-4
6,4,0.41037756384857915,3.838695754100196e-5,0.04171460129687919,0.5463053183941161,5.195720665346712e-4,6.003232525126228e-4,5.018112331105068e-6,4.392160715059706e-4
7,5,5.089108042744012e-4,7.047313495353334e-4,5.320694192428506e-4,0.001887614475311631,0.9911120167639852,0.003686900033467872,0.0013796036576001981,1.881534965820584e-4
8,4,0.0805902411248037,3.914478801334868e-5,0.10186895220700595,0.8089020175232366,8.067858260678057e-4,0.007071934758446356,7.70616441865569e-6,7.13217608007532e-4
9,4,0.014023314160903754,1.226227270547517e-4,0.04533445251711013,0.698838996201593,0.12281089164101255,0.0018836636325549588,0.11662718854285876,3.5887057691247055e-4
10,4,0.18285905836756763,5.60030952333112e-4,0.13353631541420485,0.32788295739065926,0.28279157046140924,0.06902763228893104,2.5419145388850563e-4,0.0030882436710067424
11,4,0.10758216917021186,0.0036266851604002007,0.16654275889206885,0.2966328205928544,0.05880224675889624,0.13525014278403516,0.23054526406724674,0.0010179125742862327
12,1,0.6619319915659058,1.2965203721240586e-4,0.03512817300280885,0.2859015690540222,0.0013444087428071713,0.014912031072053635,1.51523443872057e-5,6.370221808024825e-4
13,7,5.374916317542443e-5,9.030351147358123e-5,4.6310907549886156e-5,1.407965999363472e-4,0.008574978150554578,0.015628512918883192,0.9754425558281522,2.2792920274489827e-5
14,4,0.19565531381789883,1.0166347333356531e-4,0.0051382735723752605,0.721816690398032,0.07074138245676771,0.00589350679438176,1.2380285447813726e-4,5.293666327329481e-4
15,4,0.05806765318436834,3.7023889170580834e-5,0.13316287735208887,0.805257000238679,0.0020818950038879137,8.468982994655189e-4,1.279031378066008e-5,5.338617185589903e-4
16,5,5.180741606729547e-4,7.19545815008671e-4,5.434659136058471e-4,0.0019206188846743009,0.9906115800348926,0.004076964234556338,0.001416456151863088,1.9329480472698394e-4
17,4,0.22936254538481068,2.697263678243671e-4,0.07151503373974065,0.5671797941694219,0.01983741780815117,0.11054055197765691,8.488005356954348e-5,0.001210050498824388
18,7,3.3458033996721395e-4,5.623821012156064e-4,2.4383707007610684e-4,0.0010300884755536006,0.1994647143228124,0.0027858449293592024,0.7954808878871774,9.766487383861633e-5
19,1,0.5516223809727034,2.4225247176362706e-4,0.05756608807343339,0.30868714095105876,0.06772763843899102,0.01309241024482769,8.23486122385759e-5,9.797402349832449e-4
20,7,3.160617058244508e-4,5.43254845171981e-4,2.3022615910957056e-4,9.920858643757044e-4,0.22727878532359758,0.0025447189237601487,0.7680017562661362,9.311091202452224e-5
21,4,0.016289601644654584,2.7642114376625566e-5,0.002866306674450966,0.841605264235021,0.05271693724360073,0.0015360059511515525,0.0847413460194081,2.1689611733664605e-4
22,7,1.5380295637187784e-5,1.7773141426046517e-5,7.991736045580732e-6,3.409285232637887e-5,5.292536858392309e-4,1.2036665523551647e-4,0.9992724981003698,2.6435331209947738e-6
23,4,0.2606891212705701,5.071421866099776e-4,0.20479009040567825,0.3723778758083472,0.04311483408433515,0.11651946687674354,1.361691087824885e-4,0.0018653002589331781
24,5,6.481360681694353e-4,8.283181655861776e-4,6.687271616316769e-4,0.002371577194583489,0.9895967282141815,0.004043951668104142,0.0016171622661386223,2.253992616056965e-4
25,4,0.1043581472496434,6.480661421489654e-5,0.001996063979914776,0.7697662506982071,0.047001507659628454,0.011295666486856116,0.06512273695818999,3.9482035334528927e-4
26,7,1.55094265101415e-5,1.7872100122900403e-5,8.04876945608243e-6,3.452532529515324e-5,5.386074301774825e-4,1.2027122513923442e-4,0.99926254270992,2.623013378970348e-6
27,4,0.05475951080470021,1.5411949466681714e-5,0.09103357920874387,0.8524320001845204,5.381799039184935e-4,6.835618681682965e-4,3.949606947328039e-6,5.338064735345435e-4
28,5,5.270921998296779e-4,6.439418490394707e-4,5.229699983439193e-4,0.002009207777139442,0.9916262597422733,0.003162140878263387,0.0013275292904113463,1.8085826470006777e-4
29,4,0.25487160825466687,2.8127543425174594e-4,0.16018648206928734,0.4881043443467429,0.004773731084060582,0.0011675782618223302,2.4863340704298987e-5,0.09059011720846416
30,4,0.04257036274467308,0.0022001054801975605,0.17768566727660556,0.36254270817506956,0.0018633389852860875,0.113565914271466,1.9892243754689805e-5,0.29955201082294747
31,7,3.211795273271993e-4,5.232712616130137e-4,2.2607446986394085e-4,9.576412911028072e-4,0.15948851739916065,0.002494646004883036,0.8358995064540545,8.916359199535806e-5
32,4,0.2948330795357938,4.210279707263583e-5,0.07115843247718881,0.6322137930636267,5.907572983115056e-4,6.129598500813997e-4,5.0434354610433914e-6,5.438315424636045e-4
33,7,3.1650587203164987e-4,5.056314437822924e-4,2.2533646036425252e-4,0.0010030230519259425,0.20377556989835194,0.002742119094751498,0.7913411637953357,9.065038345650838e-5
34,4,0.14358302228225114,0.003097129826882343,0.12206616280422337,0.3438193307515304,0.0019954346246912518,0.04773795945031059,1.973288647980116e-5,0.337681227373631
35,5,5.583264751477235e-4,9.706212316649796e-4,7.479132005516477e-4,0.001938784801856354,0.88929877203571,0.1048304943011236,0.001311073824906233,3.4401412903926546e-4
36,4,0.23293651415563732,9.833675100777412e-5,0.0812273926528553,0.6659660266663299,0.0015027540934261186,0.017318785225767287,1.5699487324817215e-5,9.344909676515489e-4
37,7,3.477555996909035e-4,5.82280242848695e-4,2.453314810400879e-4,0.0010479519000304782,0.20487465241016597,0.0027325591046466606,0.7900705125220975,9.895673948037353e-5
38,7,1.3354830404856707e-5,1.545853486791635e-5,6.859076561193529e-6,2.9602598745719755e-5,4.502203783182901e-4,1.040274323050762e-4,0.9993782494273418,2.2277214548480345e-6
39,5,4.908280809398946e-4,6.865886135978185e-4,5.055902758588772e-4,0.001808896549777315,0.9915296001908702,0.003454805273154644,0.0013419610897038767,1.8172992609702938e-4
40,4,0.009650731524763142,1.709242168469461e-4,0.2546596571008083,0.5637763067834068,0.05344853540891755,0.11710276997009897,1.192133419152473e-4,0.0010718616532426808
41,7,4.621984983921586e-4,7.622724127345091e-4,6.8084146455439e-4,0.0014764252196586807,0.4164059992922459,0.0034334505121413703,0.5766213947007783,1.5741789949407723e-4
42,5,0.002448779846249532,0.0025221495785539916,0.010948576423847509,0.0050622440024570454,0.8484033764097717,0.11579031652387319,0.0013081452570917393,0.013516411958155136
43,4,0.06880585885457553,1.2465447372136112e-5,0.035993675010596714,0.8929965894930334,5.839488583972204e-4,0.001125062117580898,4.956958216256443e-6,4.774432602279761e-4
44,4,0.25295255586374266,4.756077533846305e-5,0.17630510968508026,0.5683428862763603,4.585326730768985e-4,0.001488447871055633,4.756402934692423e-6,4.001504524112429e-4
45,5,0.0012382119297404297,0.0016919188854938177,0.0010273067015923244,0.003964400102114135,0.8830678039077012,0.007433664893453283,0.1012067989791024,3.698946008027254e-4
46,4,0.08590898312273806,3.104374735100834e-4,0.1563140083824474,0.562812882705766,0.014984884600664519,0.17324936865501758,7.214903258652474e-5,0.006347286027269961
47,7,3.003100393193568e-4,5.04364470316187e-4,2.1337645329966073e-4,9.024915715636974e-4,0.16312976444835997,0.002478679955953815,0.8323853870498455,8.562601134250102e-5
48,4,0.008554829257149179,1.1358979360705628e-5,0.07443881651247537,0.8777221688224727,9.937295806650048e-4,0.03799891251825095,9.791901481799921e-6,2.703924281435809e-4
49,4,0.13041016156341254,7.859780793161208e-5,0.34743569969750776,0.5191342072806338,5.887842690890316e-4,0.0011577189782993303,4.4206670715615705e-6,0.001190409736054734
50,7,4.2008912970920844e-4,8.446609418329854e-4,4.4246416483217704e-4,0.0013744632443533464,0.38247053166987144,0.11380716006659132,0.5004035364112126,2.3709437159759184e-4
51,5,5.7150662828781e-4,7.767693587505447e-4,5.953856117932698e-4,0.0020477009390813955,0.990133103618823,0.004231886804422849,0.0014178579838901749,2.2578905495013703e-4
52,7,1.1196420426808603e-4,9.64516982421004e-6,3.685211057921045e-5,6.972558009181383e-4,6.088775089609398e-4,1.401821079860046e-4,0.9983894546776031,5.768419860725663e-6
53,8,0.09948272217346343,1.6044922718223508e-4,0.006533201469763239,0.19439536590155107,0.001741394699884198,0.020549455429406095,1.7936468137872602e-5,0.6771194746306118
54,8,0.001176407482529161,6.716660180056308e-5,0.0011051220636794014,0.006442777827965594,4.61915671427042e-4,0.008150901407033683,4.834151872100757e-6,0.9825908747936924
55,1,0.4840303227402639,0.0017593691853595847,0.04207270669972946,0.46879179650318487,9.198438918367579e-4,6.253122034705364e-4,1.1710232693236503e-5,0.0017889385434614353
56,5,0.0025547140528598333,7.699778625689171e-4,0.0013498149533467726,0.010035940814776838,0.9766041532390032,0.0068000452883174,0.0014798758902077613,4.0547789891954926e-4
57,1,0.3367320273069569,0.0029513513831487268,0.2152816095201444,0.21784686558731733,0.0013185180405771938,0.18511288444380566,1.8618618668373977e-5,0.04073812509938124
58,7,1.2532279469325946e-5,1.4580981205689674e-5,6.408130701015618e-6,2.7483349902086124e-5,4.165401512794209e-4,9.629168132701368e-5,0.9994240517334878,2.111692628486539e-6
59,5,4.414672537332595e-4,6.544075483791401e-4,4.691468869553534e-4,0.001643796184670865,0.9912875270254488,0.004135394161488976,0.0011938992031913388,1.7436173613146123e-4
60,4,0.13810777167375674,1.574092519693609e-5,0.0042588357923061945,0.8116479858814132,8.831729191951459e-4,0.04465429493597084,1.4415811048091128e-5,4.177820611125218e-4
61,5,5.443120237193482e-4,7.928146373465547e-4,6.081423662043223e-4,0.001960483739069756,0.9893429932130156,0.005096538613174714,0.001440155653001107,2.1455975446777422e-4
62,4,0.20017931025225866,1.3552213753529037e-4,0.2513972623198341,0.5216741483071954,0.001166705987604733,0.02458820221967445,1.2015798841720333e-5,8.468329770560903e-4
63,6,0.0012926693686695098,5.684502698559818e-4,0.018125371189478056,0.001991418995129059,0.0013502988799712506,0.975216270612159,2.270683642335098e-5,0.001432813848314051
64,7,3.2239440402360173e-4,5.48405796598389e-4,0.00023165701805715126,9.85563005196451e-4,0.2005651043997629,0.0026720747008095016,0.7945811676624945,9.363301305754851e-5
65,1,0.5864819551506847,2.1447775365956653e-4,0.09082838976227352,0.2499994320721688,0.0019025057846408925,0.06981604078797235,1.9996137725130145e-5,7.372025508754287e-4
66,1,0.6958963000915316,0.015784349284930162,0.20838423170633197,0.018707632985285518,0.00405724378833473,0.0016252702388085615,3.0092113460754043e-5,0.05551487979131657
67,3,8.253163839283265e-4,5.76324322225655e-4,0.6695949993745834,0.0015217926633155701,7.314646203033395e-4,0.3260513883589922,7.213572691804681e-6,6.91500703959533e-4
68,1,0.5535924885096548,7.769172152914208e-5,0.003855600932245687,0.4219304655090546,0.004207592390631919,0.015688561478497214,5.8279510236453466e-5,5.893199481502812e-4
69,7,3.587087968913438e-4,6.886896374098628e-4,3.0819530464673686e-4,0.0011709106275101578,0.4602185940184694,0.009847616188262248,0.5272631343044277,1.441511223821059e-4
70,5,5.326353608809567e-4,7.551315082976296e-4,5.564118601575832e-4,0.0019435852141211209,0.9904335889483257,0.004146532941489767,0.0014325572961583352,1.9955687056819927e-4
71,4,0.32502251650360553,2.146416565187276e-4,0.07682901712040717,0.5714201530001883,0.00435602488168664,0.016482571946527573,3.7115426100603335e-5,0.005637959464965626
72,5,7.564919763843283e-4,0.0010761208283626205,9.891821243682214e-4,0.0026635125419633863,0.832447276372771,0.1603632728289057,0.0012089256640633237,4.952176631809707e-4
73,4,0.24451424177076453,3.5811986665673407e-4,0.22196650933565704,0.3268553535663777,9.825139713149245e-4,0.027428634202742,1.007306757048258e-5,0.1778845542189167
74,4,0.1873554866283689,6.629601797782483e-5,0.36387005787449717,0.44682395753322657,4.1835207884072744e-4,7.95930247621517e-4,3.027452915936463e-6,6.66892166551697e-4
75,4,0.00742255561556273,3.1696959510101687e-4,0.23026286664580262,0.577489374666034,0.1722072023543725,0.011412265971455032,1.7074094480884697e-4,7.180242068635487e-4
76,5,6.330511954537183e-4,7.843678165881841e-4,6.360224876225349e-4,0.0022105670103900283,0.9907596849712716,0.0033188892008291938,0.0014423316024652958,2.1508571537982862e-4
77,1,0.4083534403015195,0.0010250173466217769,0.26174881478487744,0.1451698054388537,0.0047870352195036785,0.001469632318764524,2.7432172746912543e-5,0.17741882241711265
78,7,3.5848507551526637e-4,6.169285778429946e-4,2.6875408590438697e-4,0.001191263221498286,0.4431029764981197,0.003161368600781712,0.5511845198174807,1.1570412285782789e-4
79,7,1.6586406696220768e-5,1.8964598201580678e-5,8.635534924260158e-6,3.681336260253098e-5,5.711861781237159e-4,1.2692168138776425e-4,0.9992180397488806,2.8524891829825973e-6
80,4,0.3620785377315796,0.002464182395722048,0.11277498690281394,0.41905826350603353,0.01905889491379952,0.08321624543599307,7.769171357163154e-5,0.0012711974004866434
81,7,3.2077630148493635e-4,5.557821542761699e-4,2.3127068177174025e-4,0.0010052318564436119,0.24809845258751895,0.0025219688226048947,0.7471716370450896,9.488055080970762e-5
82,7,3.3135443092865296e-4,6.248534303708657e-4,2.52452770238749e-4,0.0010841309690316982,0.4331463460286767,0.003921034629103225,0.5605254796173603,1.1434812429047034e-4
83,7,2.871104923519774e-4,4.982782862967695e-4,2.0752817847763535e-4,9.017260223843244e-4,0.2141879971848769,0.0022738487368401156,0.7815580231336672,8.548796510541651e-5
84,4,0.3694606459200981,2.72993412221176e-4,0.11038772606037223,0.46325571176870234,0.05229574200059844,0.0026087729499604754,1.1449984743364476e-4,0.001603908040613276
85,5,5.60635855478407e-4,7.54141641690417e-4,5.800813328642483e-4,0.0020651427757029757,0.9906861817531112,0.0036943810328498128,0.0014583731198911742,2.0106248841099728e-4
86,1,0.5070918506079394,2.3112941949478583e-4,0.26561632632384885,0.22050297391323978,6.538391257577134e-4,0.0039556238289932865,6.29366131540739e-6,0.0019419631194110857
87,4,0.028430541377345034,2.9336263860129165e-5,0.11715398424119448,0.839674597078437,0.0014947780914958634,0.012685872799041336,1.2790530089269406e-5,5.180996185364308e-4
88,5,4.685377922304801e-4,6.696796546973979e-4,4.927718065866358e-4,0.0017462543153508358,0.9914006838532486,0.0037351415757156774,0.0013084561850465696,1.7847481712375676e-4
89,5,6.806657761415414e-4,9.956169040057073e-4,8.386880878285394e-4,0.002363009520093607,0.9363883490827258,0.057013141766501095,0.0013643736299397916,3.5615523276365653e-4
90,4,0.07248352892215021,3.2708814373121786e-4,0.09512892480460983,0.6986292994823401,0.004912366536985965,0.09415604520251437,0.012786261598342619,0.02157648530932597
91,7,2.983958284758547e-4,5.101062420319516e-4,2.135031758742894e-4,9.097053864480283e-4,0.1828253843684096,0.0025136466712250773,0.8126426754671264,8.658286040807193e-5
92,5,5.662139287482066e-4,7.787467059582195e-4,6.130705208984675e-4,0.001985044413160226,0.9842025112886496,0.010361607863971311,0.0012556594632858345,2.3714581532862457e-4
93,4,0.3269119131338935,1.7533101578500623e-4,0.03199764840421949,0.5067424562707862,0.011601313988501697,0.12173801389499472,6.447864534480204e-5,7.688446464747812e-4
94,5,8.270493958824135e-4,0.0012922850927646644,0.0010753569952925807,0.002458814219292572,0.8951544460419941,0.09672481820658806,0.0014460657242730292,0.0010211643239126174
95,4,0.19989258262904913,1.7874322321559272e-4,0.2437751294013449,0.47436308821655904,9.313635168492183e-4,0.002809264921474717,7.220137539390457e-6,0.07804260795396792
96,1,0.6431969644338572,1.116442883276852e-4,0.02882091005352295,0.25431308986370277,4.5490905808461663e-4,0.07239816453624874,7.613309083864205e-6,6.967044571722455e-4
97,7,3.0703936701319186e-4,5.308041891456947e-4,2.2377676451392167e-4,9.634327649863146e-4,0.22418440826011177,0.0025203469106853723,0.7711784970951715,9.169464837215727e-5
98,4,0.1929191454481495,5.745795281792627e-4,0.13868427305206713,0.6037665069542756,0.014260969706012804,0.04868494777319216,6.822037263228331e-5,0.001041357165491471
99,5,6.808107958490412e-4,0.0010103160373562002,8.425572388158555e-4,0.002247461699550725,0.7403226924507629,0.2532137800925918,0.001255336000455075,4.2704568461882076e-4
100,1,0.5529703999994903,4.5148073151346636e-5,0.01770203194634532,0.42513257263668197,4.4501489551665235e-4,0.0032712843550091243,5.864989732589366e-6,4.2768310407263483e-4
101,7,2.8495333645636625e-4,4.944684170977293e-4,2.058215654744415e-4,8.942228625551815e-4,0.2112425513530453,0.0022604231277128643,0.7845327559006529,8.480343700508485e-5
102,4,0.006106245023330936,1.0544397797617604e-5,0.011677556878574932,0.8638418771937502,0.004443565548841279,0.11356991597855547,3.817850716896884e-5,3.12116471981416e-4
103,4,0.011358865262584008,4.3432440748889846e-5,0.25836239741866995,0.7119734046398295,0.0031147806861803224,0.014609864940721152,2.1316495018774473e-5,5.159381162474206e-4
104,1,0.45094399377990846,2.3740080869866752e-4,0.0020022273552327886,0.4301259303233297,0.036886764983558515,0.023502088344626595,0.05578793287621152,5.13661528433598e-4
105,4,0.20170896586475928,1.1732674638870074e-4,0.1265457865750209,0.6085012873064793,0.0010840175982748683,0.060724320832751706,1.3161298298319488e-5,0.0013051337780265392
106,1,0.4951183221470641,0.0036753233075503397,0.15653478409023686,0.23296140232898244,0.010650807082060782,0.10004968599113369,5.529249129955883e-5,9.543825616724108e-4
107,7,3.26566014018467e-4,5.494242442383073e-4,2.370496071357161e-4,0.0010045011076077871,0.19470167814680941,0.0026653700298355804,0.8004203737795402,9.503707081505439e-5
108,7,2.610624055876211e-4,4.3918578951114513e-4,1.8374192594286436e-4,7.770816539033041e-4,0.13207839528263515,0.0022104638717164444,0.8639761923855813,7.387668512170848e-5
109,4,0.2710062041423651,3.2606094388803835e-4,0.09052010519767259,0.5796357134373428,0.003503279482572355,0.04678555198258468,2.960564631628131e-5,0.008193479167258507
110,1,0.43158879899390945,2.8116497434107e-4,0.05762119164037432,0.3558890760861939,0.025443389617449397,0.001394195228849783,0.12687106280743063,9.111206514513551e-4
111,4,0.11402042069246913,1.8362979537053946e-4,0.08661351377360606,0.7334275115494043,0.00497056014939186,0.05990477558552406,4.5577283719176334e-5,8.340111705148081e-4
112,5,5.368276782648187e-4,7.226384487245518e-4,5.607230787366598e-4,0.0019915723099473634,0.9907976415286963,0.0037759576724710987,0.0014192382342630401,1.9540104889538562e-4
113,4,0.16902380802933584,2.198671563763654e-4,0.3463174284879065,0.42789079532155816,0.001137160262894513,0.0053813757457195875,8.909604786168759e-6,0.05002065539142305
114,1,0.4805745931948856,0.003825259616216169,0.0822865718902588,0.2826929474408434,0.14577059490169714,0.0012615039832284151,0.0023241789759250227,0.0012643499969459116
115,8,0.0018117971523247617,3.8138893607791763e-4,0.10419851679582381,0.0059188231144880815,9.751283995662938e-4,0.23743258920393187,1.066529988730632e-5,0.6492710910979
116,3,0.0917748904099593,3.7014298592168274e-4,0.6852862357791994,0.20473054962951656,0.0013397908629314943,0.01347741724567676,1.1683443944853164e-5,0.0030092896428495796
117,5,5.840875251115329e-4,9.328653321920731e-4,7.435453306854756e-4,0.0020771851031147074,0.9211446491983201,0.07285061920197267,0.001336292708551333,3.307556000527194e-4
118,7,3.3033704383984906e-4,5.60214127151215e-4,2.377626425411556e-4,0.001007951720097234,0.2019432920290556,0.002755174151889718,0.7930693274099901,9.594087543487392e-5
119,7,1.4905690702291918e-5,1.7036339805817203e-5,7.642468799812567e-6,3.299884305613244e-5,5.289050456844128e-4,1.1145744193053596e-4,0.9992845332396969,2.520930323931886e-6
120,4,0.10655367513580173,9.41530655336697e-5,0.4227183785273646,0.464618586922375,0.0010372254732157304,0.004243071095396741,7.828319288208959e-6,7.270814610237973e-4
121,6,4.0898683362204234e-4,2.7727013997028404e-4,6.176089243733178e-4,7.333594897441881e-4,0.0026983943745476926,0.9950059207081158,5.801415127284715e-5,2.0044537835411862e-4
122,7,2.6091342603531487e-4,4.6787011724611625e-4,1.8556019930224686e-4,8.277702826832741e-4,0.23433227634002993,0.001942985844406316,0.7619047555943919,7.786819590547455e-5
123,4,0.007978973457698935,1.6202967011892638e-5,0.032457565632079494,0.9352256452722713,0.00808979277324687,0.015924444418369366,4.628770141324355e-5,2.610877779087962e-4
124,5,4.2673515624011825e-4,6.509574222336794e-4,4.297465134382478e-4,0.0015758505417920027,0.9913924847754864,0.0030841185616737265,0.0022809652786197746,1.5914175051693155e-4
125,4,0.18927513601794238,0.004393545457138008,0.12091285547460699,0.5488265404722579,0.07470060265987294,0.049448014229168516,2.0435728842291433e-4,0.012238948400590175
126,1,0.7018810755713143,1.4332102372099193e-4,0.11993015552975607,0.17595595772067357,6.674281366222518e-4,5.183588831357287e-4,5.5030119484953874e-6,8.982001228290961e-4
127,4,0.2521763982793763,1.7100978021116202e-4,0.0014303113859504483,0.5974465647150409,0.040443065742047514,0.05572287378111331,0.052070838655622766,5.389376606378e-4
128,7,2.822124737383898e-4,4.6937223786091604e-4,1.937378675694482e-4,8.519945069510014e-4,0.1782875705406884,0.0020684046935066404,0.817767589047328,7.911863235804474e-5
129,1,0.6060867042726477,9.017535572304477e-5,0.07810548788447878,0.3105573604317673,3.6846694848897456e-4,0.0033520234481778702,4.073333574559587e-6,0.001435708325142019
130,4,0.2763708248387542,8.781300400425149e-5,0.0012612368108614273,0.591486866134023,0.03534706944268207,0.0030719237074774025,0.0920179119913771,3.5635407082081457e-4
131,4,0.10975558688755153,1.1062274279518641e-5,0.011071845458014944,0.8762844242165546,5.760418155726783e-4,0.001456522056967346,5.832804488014657e-6,8.386844865718395e-4
132,5,5.103462267540997e-4,7.053536774869188e-4,5.220446799623095e-4,0.0018766985382939513,0.9915769301190921,0.0032360722118976283,0.0013884143749789402,1.8414017153346005e-4
133,1,0.827747676950465,0.006631906126620979,0.11956975662280334,0.027830299079685632,0.0017634241698093027,0.001916419463583504,1.7297451654228405e-5,0.014523220135378174
134,1,0.9621278037532514,4.89547314449361e-4,0.00715733028123888,0.020549107903348313,4.860158278913971e-4,0.0012867610471488677,6.997341480947394e-6,0.007896436531190551
135,6,1.8937704826147545e-4,1.420072434708899e-4,3.109415395673949e-4,3.1020223791883674e-4,7.206396322200043e-4,0.9982000446320103,1.8889964256249085e-5,1.0789770229575424e-4
136,4,0.04212789961398101,1.5677975193469489e-4,0.2837169041904892,0.5661359329327533,0.003683746793624034,0.10309972322109859,3.398194703744696e-5,0.0010450315490819727
137,5,4.999966810629187e-4,7.029202049431757e-4,5.159497684686757e-4,0.0018377091391359494,0.9914647217229182,0.0034274368472545394,0.0013657359320874939,1.8552970412977495e-4
138,7,0.003770299816540968,6.388524101713732e-5,5.965355386171185e-5,3.889978968768938e-4,5.111683416797654e-4,1.473506568566493e-4,0.9950278859408429,3.0758552323417e-5
139,6,0.054027348518293807,0.003071490275920552,0.21206653104393347,0.29103250511345824,0.05118312933299206,0.3801330771804918,5.789305972805746e-4,0.00790698793762919
140,4,0.025196228688470174,1.8925515226327574e-4,0.07557101909040397,0.6283504053384027,0.0705075793994011,0.0042479870152748265,0.19539979838237337,5.377269334107801e-4
141,5,5.52725001745566e-4,7.49383329488064e-4,5.74291528643228e-4,0.001955798918853737,0.9904731789086345,0.004103146556185213,0.0013505610179495638,2.40914738500204e-4
142,4,0.3698864087196292,1.4430582142557996e-4,0.07808197855346154,0.46339354016071593,0.0012691444637463088,5.930237303553808e-4,8.726888232255035e-6,0.08662287166243382
143,8,0.009000686311441589,4.045502926127172e-4,0.09659261834843753,0.0030799506137770597,4.8594560914818583e-4,0.33193642098242593,5.400948512531842e-6,0.5584944268936445
144,5,5.442052319146008e-4,7.62807571391576e-4,5.749284257036977e-4,0.0019632768790765636,0.9899631827777577,0.0045707468694595405,0.0014060880465538975,2.1476419814209533e-4
145,4,0.005659747247944668,9.675897708403916e-5,0.20794872949011536,0.7090555908329476,0.05690013910273942,0.019511359331378687,1.4981243987538368e-4,6.778625779153474e-4
146,4,0.17980229592717853,2.6114309581145206e-4,0.010718412318835947,0.61025792051218,0.046791123116891833,0.002986886113951374,0.142500202115548,0.006682016799602562
147,4,0.18855313074633387,7.056512346900828e-4,0.14660804958087736,0.39793535735192226,0.028364042595907725,0.09528667142693789,1.1282856110255091e-4,0.1424342685022282
148,5,7.12522904134606e-4,8.986174701311753e-4,7.478623013322586e-4,0.002453596498773384,0.9888905560998786,0.004428322901082884,0.0015579451493223518,3.1057667534533555e-4
149,7,7.601485262173902e-6,9.735428445144233e-6,3.928089223849351e-6,1.679163209623138e-5,2.9662824656321126e-4,7.746167126154564e-5,0.9995863999429324,1.4535042145240582e-6
150,8,0.25279356367060746,5.394801839556319e-4,0.1246545362025621,0.19779236633494,0.024758443346715717,0.045460730405637854,0.06437921718826585,0.2896216626673154
151,7,4.47916340078005e-5,4.647311950889889e-5,2.444524649795272e-5,9.96406216855954e-5,0.0014320944502663618,3.2901031078406506e-4,0.9980160177498822,7.526867366842049e-6
152,7,2.7471593201221537e-4,4.6636529268809755e-4,1.947094678114057e-4,8.25376351960264e-4,0.15105696793554055,0.002323235895646777,0.844779934592109,7.869453223162084e-5
153,1,0.5079109230604522,1.5901341263962115e-4,0.10717139311099282,0.2675883595353163,6.195967690095665e-4,0.11351161890820441,8.181473347331827e-6,0.0030309137300374494
154,7,1.8995404356825296e-5,2.147823608921042e-5,9.95886584994942e-6,4.227696204120936e-5,6.501087129148421e-4,1.4522299330548273e-4,0.9991087033408996,3.2554845420568275e-6
155,7,3.2751583715505953e-4,5.555227509119048e-4,2.3556761499706074e-4,9.988732704885883e-4,0.1994394916736969,0.0027350823500625386,0.7956128862466144,9.506025607364898e-5
156,5,4.955099402528784e-4,6.8656700498057e-4,5.198723656398941e-4,0.0018481233730276124,0.9911954985356587,0.0037492664649473257,0.001320311173734326,1.8485114175814522e-4
157,4,0.1916245182130096,1.255081793490929e-4,0.02897807200028097,0.7488388113064204,0.00860033951118086,0.020744983687236675,5.41694655890783e-5,0.0010335976369332798
158,5,4.955099402528784e-4,6.8656700498057e-4,5.198723656398941e-4,0.0018481233730276124,0.9911954985356587,0.0037492664649473257,0.001320311173734326,1.8485114175814522e-4
159,4,0.17921157145560854,3.845357224511264e-5,0.00390722132751866,0.8012688213525224,0.013852429101043428,9.904986599224427e-4,7.08464647969294e-5,6.601580663427954e-4
160,6,4.764308988563089e-4,0.00911207006254835,0.001452729994022745,4.465391926245965e-4,0.002167478027984296,0.985912679010582,6.097308877249195e-5,3.7109972460873717e-4
161,4,0.06918332595241904,2.147743500101071e-5,0.12168817698592886,0.8072679880965569,6.607656496495811e-4,8.010939166462925e-4,4.861151704789969e-6,3.7231081209362644e-4
162,3,0.22114654528112235,4.0622440345742963e-4,0.370936659457857,0.369392861579923,0.0098310991587249,0.026754452908827723,5.495240320536858e-5,0.0014772048068820137
163,6,1.4103939003707239e-4,1.0781065782049218e-4,2.6415727276213894e-4,2.2906076689328e-4,5.389614838408593e-4,0.9986174925359843,1.4188685869485994e-5,8.728920679246208e-5
164,7,0.02260317036855215,8.705695279766928e-5,4.391620631407478e-4,0.09276321739659597,0.08637303069785972,0.019196193748105276,0.7783936397213659,1.4452905158181034e-4
165,5,5.20179678624708e-4,7.128024463456804e-4,5.672614200125731e-4,0.0019205456916978345,0.9910137318486092,0.003728834391286158,0.0013425314959077286,1.941130275159239e-4
166,4,0.32143640798496736,3.078826461187241e-4,0.05158620006770996,0.3760455778015457,0.030441499352169697,0.09495491704282795,6.431146229645663e-4,0.12458440048169608
167,1,0.41118005747129593,3.839273474430538e-4,0.06258625818241047,0.3574287185450839,0.06051167419344582,0.020752392811012103,0.08207934594803647,0.005077625501272121
168,7,4.2293739360016436e-4,8.116903654967954e-4,3.901300458112843e-4,0.0013575393866818758,0.4384387147027871,0.025006007275886085,0.5333875994936883,1.853813360478734e-4
169,6,3.731565291528942e-4,2.0446929603341188e-4,9.507187971159516e-4,6.320848605393498e-4,9.505716534279701e-4,0.996588028608024,2.053940777502608e-5,2.8043084793125464e-4
170,4,0.007500950453678721,8.976805354978537e-6,9.274565180391465e-4,0.837674970613097,0.048583899855446165,0.0012745362042926166,0.10395010503676445,7.91045133264653e-5
171,5,5.400160891289047e-4,6.988712782844173e-4,5.727566485393101e-4,0.0019390867847324138,0.9917452187715954,0.002998084747117854,0.001316196548565133,1.8976913203589226e-4
172,1,0.7250124527967633,0.0030395590210331967,0.011663785825652001,0.020766672422621577,0.05625542252231668,0.002342958069106873,2.0085178121197997e-4,0.18071829756129434
173,4,0.0143977032337426,4.346111358144402e-5,0.11273051450820835,0.8290241653563493,0.004556930047840787,0.03866429064821014,3.5747204691947855e-5,5.471878873758656e-4
174,4,0.1361080572357234,0.01038947723929969,0.048371251378747634,0.6647641821212863,0.12250067853595191,0.016697959684224547,1.640858634811139e-4,0.0010043079412851421
175,4,0.00856224630418922,8.526281657012103e-5,0.0410921427911692,0.7596238251102264,0.04558814593411124,0.0023787345888317516,0.14206219405452325,6.074484003786611e-4
176,6,3.560448850283787e-4,3.643339643346679e-4,5.313037946209532e-4,7.807267829208231e-4,0.013454347042073078,0.9841133677606344,1.6711534625181044e-4,2.327604241364064e-4
177,4,0.005922328115676949,5.47424294255206e-5,0.3815038891164721,0.5977531592013493,0.012970642759171595,0.001340705072444986,5.006208466622118e-5,4.0447122079312873e-4
178,4,0.03516132205224502,0.0048504997311220495,0.12002523100071966,0.7646504870446388,0.007178491756524612,0.053120190931649054,5.6667741713974966e-5,0.014957109741386464
179,7,3.855302333163041e-6,5.186297362862545e-6,1.8903514927378863e-6,8.68765333555454e-6,1.8154636428780772e-4,3.4059033636724584e-5,0.9997640232100605,7.517874904500883e-7
180,7,6.4838187377021685e-6,8.52424862502465e-6,3.320385855253612e-6,1.4756011480128348e-5,3.102681420259682e-4,5.8636991764353956e-5,0.9995968025145092,1.2078870019926338e-6
181,4,0.0058560497696444,4.161475744285814e-7,0.0023178451962399507,0.9907393900651064,7.448008775372782e-4,3.0220672971496533e-4,5.397187284848608e-6,3.389402689808951e-5
182,5,4.903482260357496e-4,7.846636726747984e-4,4.649485312770316e-4,0.0017843769075465991,0.9799578102980755,0.004550062768612191,0.011789520303874599,1.7826929190300467e-4
183,6,5.723358436894025e-4,3.627576096934624e-4,0.0010005595501879786,0.001091414909059533,0.002749927484497328,0.9938696793369133,5.950299755205654e-5,2.938222684077413e-4
184,5,5.233521594835774e-4,7.201088939625271e-4,5.530979652400319e-4,0.0019326158155163358,0.9907561482908406,0.003947179429324729,0.0013682488758264034,1.992485698065316e-4
185,5,7.342102152598915e-4,0.0010425490157807715,8.638345032666342e-4,0.002456759604409423,0.8996992423710142,0.09344829242917202,0.001358298620588766,3.968132405082128e-4
186,1,0.4646749487800066,1.3838473084192384e-4,0.10621040404947268,0.3881342114987671,5.272849923650966e-4,0.0393161986165817,7.308062626845692e-6,9.91259269338207e-4
187,4,0.0050622843663534626,2.6754628876922605e-5,0.09365960574593588,0.876741851533853,0.017539591132862704,0.00664490212214802,6.770025253268528e-5,2.573102174379201e-4
188,6,3.386718759302326e-4,2.492988154317168e-4,5.838970657899608e-4,6.138474236296247e-4,0.0017597917815817127,0.9962323644026059,4.168872400500091e-5,1.8043991102505166e-4
189,4,0.0702537055650761,1.431244775027533e-5,0.08429812352483343,0.8439975827308754,4.902695492056625e-4,5.85287767015121e-4,3.6279568389806975e-6,3.570904584054079e-4
190,6,3.254991397019843e-4,2.624018108417089e-4,5.681356128017836e-4,5.739484234480694e-4,0.0016163683006062098,0.9964377013772534,3.899031135826901e-5,1.7695502398841189e-4
191,4,0.03986001463225229,2.934837670510627e-4,0.2184995034944302,0.5211407385009522,0.010502820594026137,0.20841033709636203,7.756551467202804e-5,0.0012155364002542535
192,6,0.0010760057909345682,4.041512425174067e-4,0.022831283332789196,0.002076056944576423,0.001077149503708318,0.9714496564797218,1.769461418667644e-5,0.001068002091565506
193,6,1.2726712670504115e-4,9.970110634118767e-5,2.3778913862865797e-4,2.1051086254701457e-4,5.081347394094513e-4,0.9987238197417488,1.3455443681533529e-5,7.932184093914565e-5
194,7,0.04974996572232741,1.1907709470636394e-4,7.412379185329143e-4,0.004180229505763375,0.006658245989878716,7.600013562860339e-4,0.9370803176736805,7.109247388247514e-4
195,4,0.2793723393192769,0.0018894786382359025,0.023630264486804706,0.38182769759361945,0.09071071483905453,0.023814298933929317,1.6594156126623126e-4,0.19858926462781296
196,4,0.1330015634483423,2.4341243143613278e-4,0.11950393713609918,0.5439626650019961,0.1440512720118546,0.05767700114543768,1.5867240144888217e-4,0.0014014764233850113
197,4,0.010964396576513501,0.0034238798236228816,0.07156481622092073,0.8718126445059868,0.016930072129094156,0.024154063729404342,9.628146162873041e-5,0.0010538455528284068
198,5,5.180052230680264e-4,7.580709960148418e-4,5.741063727321791e-4,0.0018961202758541826,0.9889494281622211,0.004472228374768084,0.0026358879324527894,1.9615266288889208e-4
199,6,2.1944154659012992e-4,3.5749592022049555e-4,3.316593246481019e-4,5.651912890916702e-4,0.07592118736651905,0.9221092842781485,2.8525403960935305e-4,2.1048623517275737e-4
200,6,0.0012960938687029608,0.012892676809689979,0.026054178177047423,0.0013497196646069323,0.0017601572663572007,0.9543118746746582,3.683680204348235e-5,0.0022984627368940343
201,5,6.769987551063138e-4,0.0010294740998776412,8.602236404293598e-4,0.002320032240111521,0.9028360933470068,0.09056046551923877,0.0013408611273409514,3.758512708883727e-4
202,4,0.20941216502106036,1.4401224307946712e-4,0.1407869967289263,0.574600538862158,0.001370021707314417,0.07231254111472644,1.631726622141193e-5,0.0013574070565130923
203,4,0.24712429211480463,4.17098043217383e-4,0.16721480369453537,0.465098136535813,0.001845270607098995,0.11646645691975653,2.1666670237081708e-5,0.0018122754145370047
204,5,6.05980793288829e-4,0.0010258837673137397,8.331223501013433e-4,0.0019854841383417326,0.9165098747766526,0.07740455077104627,0.0012792106266278553,3.5589277662781925e-4
205,4,0.08936348890611015,1.3239999033070696e-4,0.3701694330698428,0.5023311726375341,7.397101415461859e-4,0.0018815002133923937,5.237875672645022e-6,0.035377057165571164
206,5,4.6174036272111457e-4,6.725574227558683e-4,4.798147600507873e-4,0.0017048716015768384,0.9918882826648513,0.003302479537138668,0.0013159970343261706,1.7425661657947614e-4
207,4,0.34896982413312944,8.816223364076541e-5,0.24099765511570223,0.4077374621374473,3.5687849166470746e-4,7.148905124181296e-4,2.943723689391719e-6,0.0011321836523078715
208,4,0.3654242849630769,4.764838100907442e-5,0.0048089372885858645,0.5350771842124841,0.0012088085218910302,0.09292860687480628,2.0855025608277132e-5,4.836747325382596e-4
209,3,0.0037807913053797097,3.09175649412377e-4,0.36122603410824955,0.2897070272443316,0.09516764692237469,0.044594302507598445,0.20463724259870422,5.777796639491234e-4
210,4,0.2493005399767312,2.5452277469571316e-5,0.026429914383443415,0.7222616002861564,6.496179747551981e-4,9.18101433710071e-4,6.376475988766004e-6,4.083971917451733e-4
211,4,0.29445897993230025,3.3843582734973524e-5,0.05495875939491307,0.6489597715393912,6.02312575968659e-4,5.54071089341326e-4,5.132072370763111e-6,4.2712981297946456e-4
212,7,2.5768276483780313e-4,4.521455946554043e-4,1.849803190022121e-4,8.112239296080149e-4,0.19955253978813137,0.0020248449981049195,0.7966396514497279,7.69311559316248e-5
213,4,0.004103074545039714,3.0320588752312867e-6,0.001547448947603663,0.9579744453629503,0.03448255122653454,0.0017271396906403203,9.502950969445029e-5,6.727865866263222e-5
214,5,6.088588615619146e-4,8.164162750264426e-4,6.799265547908419e-4,0.002257154042242755,0.9685726194351948,0.025461084049043962,0.0013165508197878445,2.873899623509764e-4
215,4,0.03469223278372853,9.809715452621239e-5,0.003262705347682738,0.8164087149391619,0.13767733444732086,0.004654318043227329,3.3908207175479085e-4,0.002867515212598119
216,6,1.0761053174325839e-4,9.667173590930976e-5,1.9607299839232535e-4,1.7893286124091162e-4,5.9249612273736e-4,0.9987401432894379,1.5147543697142808e-5,7.292491684241766e-5
217,4,0.28722433399559716,9.063732792063412e-5,0.20935674595347187,0.5005947896442816,6.332658385286505e-4,0.0013750058922964703,5.359751157392293e-6,7.198615967459729e-4
218,5,5.009840564093159e-4,7.015501075758774e-4,5.280402445400759e-4,0.0018510731096773802,0.9908571394548177,0.0040393331559743844,0.0013316960558723556,1.9018381513252435e-4
219,4,0.07185227652746284,5.182955065893939e-5,0.002541344331147639,0.8024807913218058,0.12008290685229941,0.0017900696311135252,7.309875161818584e-4,4.697942693299112e-4
220,6,6.102843700265249e-4,4.3604355813233e-4,0.0010239226388612753,0.001139935141523937,0.003723846462255452,0.9926872913741569,8.078472441619342e-5,2.978917306267382e-4
221,7,3.568065467994418e-4,6.697309791877813e-4,2.784403860259457e-4,0.001145711928120243,0.40788478281983703,0.005459915055608168,0.5840774958375791,1.2711644684255456e-4
222,4,0.1700567895232966,2.480210446468707e-4,0.1376832028514799,0.4594651622389574,0.001700452839785028,0.20522817808826427,1.90756140595357e-5,0.02559911779951059
223,4,0.34394575461470855,3.5053548583743703e-4,0.013937028919161319,0.4925554903263972,0.060969947316004296,0.0023186672188852454,0.0758256906635496,0.010096885455456535
224,4,0.16612909870047313,8.88671721063211e-5,0.36886105950033204,0.462265393083018,5.819643654804679e-4,8.737897150366725e-4,4.2540763704832875e-6,0.00119557338718292
225,4,0.25969667687747183,3.586857062727508e-5,0.007634553583996101,0.6848939169453062,7.833677875395496e-4,0.04630563430016239,1.2922409880045167e-5,6.370595250164366e-4
226,6,3.483623132096038e-4,2.547706906872401e-4,5.972715285842315e-4,6.317786042702301e-4,0.001804897705557594,0.9961355598044507,4.262217648538735e-5,1.8473717675562303e-4
227,4,0.07021094226254872,3.0637436190720987e-4,0.1416629558202269,0.5881577700722638,0.18000362073343282,0.016833882819731333,6.670512145102779e-4,0.002157402715379432
228,7,7.404309723596655e-5,6.967066507396748e-6,2.306794560795145e-5,4.3806677492246856e-4,4.292103906373613e-4,9.946455895982188e-5,0.998925402988484,3.777177645556431e-6
229,6,3.19671782491052e-4,1.8276495764546615e-4,5.714448450073107e-4,5.316411027025404e-4,9.641851738310429e-4,0.9972446958485794,2.3373394697630097e-5,1.6222289504580213e-4
230,7,2.3761650778912403e-5,2.579062002676197e-5,1.2500668810025406e-5,5.2229385728823886e-5,7.534033067159172e-4,1.7929203127374296e-4,0.9989490814421687,3.940894497484807e-6
231,7,2.3761650778912403e-5,2.579062002676197e-5,1.2500668810025406e-5,5.2229385728823886e-5,7.534033067159172e-4,1.7929203127374296e-4,0.9989490814421687,3.940894497484807e-6
232,4,0.3335969875296106,2.5565700778330442e-5,0.0036228030780242337,0.611853153846664,7.006857182438837e-4,0.04968605232605137,1.2442879761463172e-5,5.023089208664651e-4
233,7,5.340345857932719e-4,9.926412697839333e-4,5.565442628375264e-4,0.0015560217232293597,0.3004054170703342,0.18106248602129912,0.5146012469816039,2.9160808511870874e-4
